      0/49     1.21G      1.74      2.13     0.223      4.09        11       416     0.616      0.83     0.805     0.707      1.48       1.1    0.0834
      1/49     1.21G      1.45      1.66     0.195      3.31        14       416     0.644     0.822     0.801     0.722       1.4      1.01    0.0768
      2/49     1.21G      1.39      1.51     0.186      3.09        16       416     0.683     0.802     0.798     0.737      1.39     0.945    0.0806
      3/49     1.21G      1.33      1.45     0.185      2.97        20       416     0.709     0.793     0.798     0.748      1.35     0.917    0.0725
      4/49     1.21G      1.31      1.45      0.18      2.94        21       416     0.709     0.795     0.798     0.749      1.32     0.911    0.0734
      5/49     1.21G      1.29      1.44     0.181       2.9        14       416     0.689     0.798     0.795     0.739      1.31     0.936    0.0673
      6/49     1.21G      1.27      1.44     0.174      2.89        19       416     0.681     0.802     0.795     0.736      1.28     0.917    0.0726
      7/49     1.21G      1.26      1.43     0.172      2.86        12       416     0.713     0.794     0.799      0.75      1.29     0.907    0.0671
      8/49     1.21G      1.26      1.44     0.174      2.88        15       416     0.691     0.797     0.793      0.74      1.28     0.921    0.0677
      9/49     1.21G      1.25      1.43     0.168      2.85        30       416     0.711     0.788     0.795     0.746      1.28     0.905    0.0671
     10/49     1.21G      1.25      1.44     0.172      2.86        12       416     0.722     0.781     0.793     0.749      1.28     0.909    0.0684
     11/49     1.21G      1.25      1.43     0.169      2.85        18       416     0.677     0.806     0.798     0.736      1.27     0.899    0.0659
